Length
1	2	3	4	5	6	7	8	9	10	11	12	13	14	15	16	17	18	19	20	21	22	23	24
37	36	37	36	36	36	36	36	36	36	36	36	36	36	36	40	40	36	36	40	36	36	40	40

design
11	7	14	11	12	7	24	29	10	1	12	34	8	30	1	1	1	1	10	1	24	11	4	1
14	12	15	12	24	29	28	46	13	2	37	43	9	35	2	2	2	2	16	2	32	25	8	2
15	14	30	17	29	30	42	52	17	3	59	44	25	36	3	3	3	3	25	3	33	26	9	3
41	15	37	18	35	38	49	53	18	14	70	52	26	43	30	8	5	37	26	4	35	31	13	6
59	16	42	34	36	39	63	58	25	15	71	53	38	44	42	9	12	38	27	12	36	33	21	14
83	19	54	37	38	40	75	67	26	42	92	54	39	56	67	11	21	39	28	13	37	47	22	15
86	20	80	54	39	46	76	68	31	70	93	67	40	57	68	12	22	40	67	50	54	48	23	24
87	27	83	64	40	58	77	70	43	71	94	68	52	148	75	17	23	52	68	51	67	58	32	34
88	42	92	69	59	108	96	71	44	73	95	69	53	149	76	18	43	53	78	60	68	60	61	50
101	56	93	100	66	116	116	80	83	85	111	136	56	150	77	35	44	98	79	70	171	64	62	51
133	57	94	103	70	117	117	82	86	91	144	137	57	183	148	36	55	99	98	71	172	86	106	55
143	65	104	110	71	118	118	84	87	97	145	151	163	191	149	58	89	130	99	86	183	87	107	78
173	70	105	116	72	119	119	86	88	109	146	164	171	195	150	92	90	176	144	87	202	88	116	79
176	71	106	117	74	125	154	87	144	115	155	185	184	202	152	93	125	203	145	88	226	106	117	89
182	86	107	118	80	126	171	88	145	125	174	191	186	237	153	94	126	204	146	104	227	107	118	90
213	87	116	119	81	128	172	98	146	126	182	199	187	240	191	106	144	207	184	105	233	113	119	106
237	88	117	122	137	129	184	99	152	130	190	240	192	241	201	107	145	208	186	148	234	114	130	107
238	92	118	123	205	130	186	102	153	147	209	241	200	242	205	113	146	212	187	149	238	116	144	116
239	93	119	144	229	160	187	112	154	176	210	242	214	243	213	114	184	213	255	150	239	117	145	117
262	94	137	145	230	161	188	122	171	186	237	243	235	252	255	122	209	220	256	154	257	118	146	118
263	108	156	146	231	186	189	123	172	187	240	250	240	253	256	123	210	221	291	174	258	119	154	119
264	130	162	151	237	187	202	124	205	240	241	251	241	272	257	167	223	236	292	188	275	133	157	134
275	157	164	152	246	195	213	132	213	241	242	255	242	273	258	168	224	250	301	189	276	138	158	135
276	158	167	153	247	205	222	142	240	242	243	256	243	282	275	169	236	251	302	229	282	139	159	201
277	159	168	174	269	212	223	174	241	243	255	262	249	283	276	176	246	267	306	230	283	140	209	216
278	192	169	186	270	220	224	195	242	257	256	263	275	303	287	186	247	268	307	231	284	178	210	217
284	205	170	187	272	221	262	238	243	258	267	264	276	304	288	187	252	287	308	233	297	179	212	229
285	262	183	197	273	229	263	239	252	272	268	291	287	318	301	205	253	288	309	234	298	203	238	230
286	263	191	198	284	230	264	240	253	273	284	292	288	319	302	216	285	294	318	255	299	204	239	231
297	264	192	201	291	231	267	241	257	282	287	297	295	327	318	217	286	306	319	256	303	255	257	238
298	282	202	244	292	271	268	242	258	283	288	298	296	328	319	269	303	307	320	272	304	256	258	239
299	283	226	245	297	295	282	243	337	285	353	299	301	333	321	270	304	308	346	273	306	341	277	262
301	295	227	246	298	296	283	318	359	286	354	336	302	334	322	291	306	309	349	306	307	342	278	263
302	296	257	247	299	316	284	319	361	316	355	339	353	353	355	292	307	344	350	307	308	353	297	264
316	303	258	255	318	321	301	321	362	359	359	356	354	354	359	306	308	346	351	308	309	354	298	287
321	304	272	256	319	322	302	322	363	362	360	359	358	355	362	307	309	366	352	309	364	365	299	288
322	0	273	0	0	0	0	0	0	0	0	0	0	0	0	308	343	0	0	351	0	0	349	344
0	0	0	0	0	0	0	0	0	0	0	0	0	0	0	309	347	0	0	352	0	0	350	347
0	0	0	0	0	0	0	0	0	0	0	0	0	0	0	316	348	0	0	353	0	0	351	348
0	0	0	0	0	0	0	0	0	0	0	0	0	0	0	337	364	0	0	354	0	0	352	366

expected score
1.0	0.521

2.0	0.513

3.0	0.514

4.0	0.504

5.0	0.504

6.0	0.535

7.0	0.512

8.0	0.503

9.0	0.502

10.0	0.506

11.0	0.507

12.0	0.514

13.0	0.501

14.0	0.504

15.0	0.508

16.0	0.497

17.0	0.501

18.0	0.528

19.0	0.507

20.0	0.502

21.0	0.507

22.0	0.501

23.0	0.493

24.0	0.5

Categorical variables
UNIT
U_254	0	0	0	0	0	0	0	0	0	3	0	0	0	0	3	3	3	3	0	3	0	0	0	3
U_260	0	0	0	0	0	0	0	0	0	0	0	0	2	0	0	2	0	0	0	0	0	0	2	0
U_126	2	2	2	0	0	0	0	0	0	2	0	0	0	0	0	0	0	0	0	0	0	0	0	2
U_20	0	0	0	2	0	0	0	0	2	0	0	0	0	0	0	2	0	0	0	0	0	0	0	0
U_194	0	0	0	0	0	0	0	0	0	0	0	0	0	0	0	0	3	0	0	0	0	0	3	0
U_130	0	0	0	0	0	0	0	0	2	0	0	0	2	0	0	0	0	0	2	0	0	2	0	0
U_147	0	0	0	0	2	0	0	0	0	0	0	0	0	2	0	2	0	0	0	0	2	0	0	0
U_55	0	0	0	0	3	3	0	0	0	0	0	0	3	0	0	0	0	3	0	0	0	0	0	0
U_85	0	0	0	0	0	0	0	0	2	0	0	2	0	2	0	0	2	0	0	0	0	0	0	0
U_201	0	0	0	0	0	0	0	0	0	0	0	0	0	0	0	0	0	0	0	0	0	2	0	0
U_30	0	0	0	0	0	0	0	0	0	0	0	0	0	0	0	0	0	0	0	2	0	0	0	2
U_148	0	0	0	0	0	0	0	2	0	0	0	2	2	0	0	0	0	2	0	0	0	0	0	0
U_137	0	2	0	0	0	0	0	0	0	0	0	0	2	2	0	0	0	0	0	0	0	0	0	0
U_138	0	0	0	0	0	0	0	0	0	0	0	0	0	0	0	0	0	0	0	0	0	0	2	0
U_128	0	0	0	0	0	0	0	2	0	0	0	2	0	0	2	0	0	0	2	0	2	0	0	0
U_86	0	2	0	0	2	0	0	2	0	2	2	0	0	0	0	0	0	0	0	2	0	0	0	0
U_44	0	0	0	0	0	0	3	0	0	0	0	0	0	0	3	0	0	0	0	0	0	0	0	0
U_196	0	0	0	0	0	0	0	0	0	0	0	0	0	0	0	0	0	0	2	0	0	0	0	2
U_40	3	3	0	0	0	0	0	3	3	0	0	0	0	0	0	0	0	0	0	3	0	3	0	0
U_79	0	0	0	0	0	0	0	0	0	0	0	0	0	0	0	0	2	0	0	0	0	0	0	2
U_52	0	3	3	0	0	0	0	0	0	0	3	0	0	0	0	3	0	0	0	0	0	0	0	0
U_59	0	0	0	0	0	0	0	2	0	0	0	0	0	0	0	0	0	2	2	0	0	0	0	0
U_206	0	0	2	0	0	0	0	0	0	0	0	0	0	0	0	0	0	0	0	2	0	0	0	0
U_37	0	0	2	0	0	0	0	0	0	0	0	0	0	0	0	2	0	0	0	0	0	2	2	2
U_19	0	0	0	0	0	0	0	0	0	0	0	0	0	0	0	2	0	0	0	0	0	2	0	0
U_36	0	0	4	4	0	4	4	0	0	0	0	0	0	0	0	0	0	0	0	0	0	4	4	4
U_250	0	0	0	2	0	0	0	2	0	0	0	0	0	0	0	2	0	0	0	0	0	0	0	0
U_150	0	0	0	0	0	2	0	0	0	2	0	0	0	0	0	0	2	0	0	0	0	0	0	0
U_192	0	0	0	0	0	2	0	0	0	0	0	0	0	0	0	0	0	0	0	0	0	0	0	0
U_241	0	0	0	0	0	0	0	0	0	0	0	0	0	0	0	0	0	0	0	0	0	0	0	2
U_78	0	0	0	0	0	0	0	0	0	0	0	0	0	0	0	0	0	0	0	0	0	3	0	0
U_34	0	0	0	3	0	0	0	0	3	0	3	0	0	0	0	0	3	0	3	0	0	0	3	0
U_54	0	0	0	0	0	0	0	0	0	0	0	0	0	3	3	0	0	0	0	3	0	0	0	0
U_143	0	0	0	2	0	0	0	0	2	0	0	0	0	0	2	0	0	0	0	0	0	0	0	0
U_57	0	3	0	0	0	0	0	0	0	0	0	0	0	0	0	0	0	0	0	0	0	0	3	0
U_134	0	0	0	0	0	2	0	0	0	0	0	0	0	0	0	0	0	0	0	0	0	0	0	0
U_45	0	0	3	0	0	0	0	0	0	0	0	0	0	0	0	3	0	0	0	0	0	0	0	0
U_68	0	0	0	0	0	0	0	0	0	0	0	0	0	0	0	0	0	0	0	0	0	2	0	0
U_198	0	0	0	2	0	2	2	0	0	2	0	0	2	0	0	2	0	0	2	0	0	0	0	0
U_187	0	0	0	0	0	0	2	0	0	0	0	0	0	0	0	0	0	0	0	2	0	0	0	0
U_180	0	0	0	2	0	0	0	0	0	0	0	0	0	0	0	0	0	0	0	0	0	0	0	0
U_207	0	0	0	0	0	0	0	0	0	0	0	0	0	0	0	0	0	2	0	0	0	2	0	0
U_244	0	0	0	0	0	0	0	0	0	0	0	0	0	0	0	0	0	2	0	0	0	0	0	0
U_73	0	0	0	0	0	0	0	0	0	0	2	0	0	0	0	0	2	0	0	0	0	0	2	0
U_69	0	0	0	0	0	0	0	0	0	0	0	0	0	0	0	2	0	0	0	0	0	0	0	2
U_188	0	0	0	0	0	2	0	0	0	0	0	0	0	0	0	0	0	2	0	0	0	0	0	0
U_60	0	0	0	0	0	0	2	0	0	0	0	0	0	0	0	0	2	0	0	0	0	0	0	0
U_183	0	0	2	0	0	0	0	0	0	0	0	0	0	0	0	0	0	0	0	0	2	0	0	0
U_26	0	0	0	0	3	3	0	0	0	0	0	0	0	0	0	0	0	0	0	3	0	0	0	3
U_176	0	0	0	0	0	0	0	0	0	0	0	0	0	0	0	0	0	0	0	2	2	0	0	0
U_118	2	0	0	0	0	0	0	2	0	0	0	0	0	0	0	0	0	0	0	0	2	0	2	2
U_22	0	0	0	0	0	0	0	4	4	4	4	4	4	4	0	0	0	0	0	0	0	0	0	0
U_173	0	0	0	2	0	0	0	0	0	0	0	0	0	0	0	0	0	0	0	0	0	0	0	0
U_70	0	0	0	2	2	0	0	0	0	0	0	0	0	0	0	0	2	0	0	0	0	0	0	0
U_71	0	0	0	0	0	0	0	0	0	0	0	2	0	0	0	0	0	2	0	0	0	0	0	0
U_163	0	0	0	0	0	0	0	0	2	0	0	0	0	2	0	0	2	0	0	0	0	0	0	0
U_231	0	0	0	2	0	0	0	0	0	0	2	2	0	0	2	0	0	0	2	2	0	2	0	0
U_61	0	0	2	0	0	0	0	0	2	2	0	0	0	0	2	0	0	0	0	0	2	0	2	0
U_164	3	3	0	0	0	0	3	0	0	0	0	3	0	0	0	0	0	0	0	0	0	0	0	3
U_156	0	0	0	0	0	0	2	0	0	0	2	0	0	0	0	0	0	2	0	0	0	0	0	0
U_43	0	0	0	0	2	0	0	0	0	0	0	0	0	0	0	2	0	0	0	0	0	0	0	0
U_252	0	0	2	0	2	0	0	0	0	2	0	0	0	2	0	0	0	0	0	2	0	0	0	0
U_179	2	0	0	0	0	0	0	0	0	0	0	0	2	0	2	0	0	0	0	0	2	0	0	0
U_66	2	0	0	0	0	0	0	0	0	0	0	0	0	0	0	0	0	0	0	0	0	0	2	0
U_240	0	2	0	0	0	0	2	0	0	2	0	0	0	2	0	0	0	0	0	0	2	0	0	0
U_32	2	0	0	0	0	0	0	0	0	2	0	0	0	0	0	0	2	0	0	0	0	0	0	0
U_251	0	0	0	0	0	0	0	0	0	0	2	0	2	0	2	0	0	2	0	0	0	0	0	2
U_181	0	0	0	0	2	0	0	0	0	0	0	2	0	0	0	2	0	0	2	0	0	0	0	0
U_116	0	2	0	0	0	2	0	0	0	0	0	0	2	0	0	0	0	0	0	0	0	0	0	0
U_167	3	0	0	0	3	0	0	0	0	0	0	3	0	0	0	0	0	0	0	0	3	0	3	0
U_170	2	0	0	0	0	0	2	0	0	0	0	0	2	0	2	0	0	0	2	0	0	0	0	0
U_74	0	2	0	0	0	0	0	0	0	0	0	0	0	2	0	0	2	0	0	0	2	0	0	0
U_161	0	0	0	0	0	0	0	0	0	0	0	0	0	0	0	4	4	4	4	4	4	0	0	0
U_160	0	0	0	0	2	0	0	2	0	0	0	0	0	2	2	0	0	0	2	0	0	0	0	0
U_63	2	0	0	0	0	2	0	2	0	0	0	0	0	0	2	0	0	0	0	0	0	0	0	0
U_210	0	0	0	0	0	0	0	0	0	0	0	0	0	0	0	0	0	0	0	0	0	2	0	0
U_219	0	0	0	0	0	0	0	0	0	0	0	0	0	0	0	0	2	0	0	0	0	0	0	2
U_80	0	0	0	0	0	0	0	0	0	0	0	0	0	0	0	0	0	0	2	0	0	0	2	0
U_121	0	0	0	0	0	0	0	0	0	0	0	0	0	0	0	0	0	0	2	2	0	0	2	0
U_199	0	0	0	0	0	0	0	0	0	0	2	0	2	2	0	0	0	0	0	2	0	2	0	0

CAT_1
D_3	19	16	20	20	19	17	18	13	17	16	19	19	20	15	17	20	20	17	20	20	19	18	20	20
D_2	7	6	6	7	5	7	4	6	3	7	6	4	5	7	6	6	8	6	5	8	7	4	9	9
D_4	3	6	3	5	4	4	7	8	6	4	3	5	3	5	3	4	4	4	4	6	6	7	2	4
D_1	8	8	8	4	8	8	7	9	10	9	8	8	8	9	10	10	8	9	7	6	4	7	9	7

CAT_2
CAT_2_1	19	20	23	18	19	21	23	17	19	19	23	18	16	17	17	20	21	25	18	26	21	22	20	23
CAT_2_2	17	15	13	16	15	14	12	18	16	16	12	17	19	18	18	19	18	10	17	13	14	13	19	15
CAT_2_3	1	1	1	2	2	1	1	1	1	1	1	1	1	1	1	1	1	1	1	1	1	1	1	2

CAT_3
CAT_3_2	15	18	14	17	15	22	19	17	18	19	17	18	23	19	17	27	26	21	19	25	18	22	25	25
CAT_3_5	18	14	16	12	14	8	14	13	12	12	13	12	10	13	13	9	11	12	14	11	13	11	11	10
CAT_3_4	3	2	5	5	5	4	3	5	4	3	5	5	2	3	4	3	2	3	3	2	3	2	2	2
CAT_3_3	0	2	0	1	1	1	0	0	0	0	1	0	0	0	0	1	1	0	0	1	0	0	0	0
CAT_3_1	1	0	2	1	1	1	0	1	2	2	0	1	1	1	2	0	0	0	0	1	2	1	2	3

CAT_4
0	23	23	28	31	29	31	25	29	25	28	22	22	25	25	24	36	33	28	20	33	26	27	33	30
1	14	13	9	5	7	5	11	7	11	8	14	14	11	11	12	4	7	8	16	7	10	9	7	10

CAT_5_6
G_A	12	12	13	11	12	11	11	12	10	13	11	13	13	12	13	14	6	9	9	9	12	6	4	7
F_A	25	24	24	25	24	25	25	24	21	21	20	21	20	21	20	26	25	21	20	25	21	21	25	26
A_BC	0	0	0	0	0	0	0	0	3	1	4	2	3	3	2	0	0	0	0	3	0	2	1	0
S_B	0	0	0	0	0	0	0	0	0	0	0	0	0	0	0	0	9	6	7	3	3	7	10	7
A_C	0	0	0	0	0	0	0	0	2	1	1	0	0	0	1	0	0	0	0	0	0	0	0	0

CAT_5
G	12	12	13	11	12	11	11	12	10	13	11	13	13	12	13	14	6	9	9	9	12	6	4	7
F	25	24	24	25	24	25	25	24	21	21	20	21	20	21	20	26	25	21	20	25	21	21	25	26
A	0	0	0	0	0	0	0	0	5	2	5	2	3	3	3	0	0	0	0	3	0	2	1	0
S	0	0	0	0	0	0	0	0	0	0	0	0	0	0	0	0	9	6	7	3	3	7	10	7

CAT_6
A	37	36	37	36	36	36	36	36	31	34	31	34	33	33	33	40	31	30	29	34	33	27	29	33
BC	0	0	0	0	0	0	0	0	3	1	4	2	3	3	2	0	0	0	0	3	0	2	1	0
B	0	0	0	0	0	0	0	0	0	0	0	0	0	0	0	0	9	6	7	3	3	7	10	7
C	0	0	0	0	0	0	0	0	2	1	1	0	0	0	1	0	0	0	0	0	0	0	0	0

Sum variables

Overlap matrix
	1	2	3	4	5	6	7	8	9	10	11	12	13	14	15	16	17	18	19	20	21	22	23	24
1	37	8	3	1	6	3	7	7	5	6	4	6	4	1	7	3	2	2	2	3	8	5	7	7
2	8	36	7	1	4	6	6	5	4	8	6	3	5	6	2	5	3	1	2	6	4	3	4	5
3	3	7	37	6	4	5	6	1	3	7	4	4	1	6	5	8	0	1	0	4	8	6	8	8
4	1	1	6	36	3	6	6	3	7	2	8	6	2	0	5	8	6	1	7	4	2	8	7	6
5	6	4	4	3	36	8	2	6	1	4	6	6	3	7	3	8	3	3	4	8	7	0	3	4
6	3	6	5	6	8	36	6	6	1	6	0	0	7	2	4	5	2	7	2	3	0	5	6	7
7	7	6	6	6	2	6	36	0	4	5	3	3	6	3	7	2	3	3	6	3	7	4	5	8
8	7	5	1	3	6	6	0	36	7	6	7	8	6	7	6	3	0	4	6	6	4	4	2	2
9	5	4	3	7	1	1	4	7	36	8	8	7	7	8	8	4	7	1	6	5	4	6	7	0
10	6	8	7	2	4	6	5	6	8	36	7	5	6	8	8	7	7	5	2	7	4	0	3	5
11	4	6	4	8	6	0	3	7	8	7	36	7	8	8	6	4	6	5	5	8	2	4	5	2
12	6	3	4	6	6	0	3	8	7	5	7	36	6	7	6	2	2	4	6	2	6	2	3	4
13	4	5	1	2	3	7	6	6	7	6	8	6	36	8	6	4	1	7	7	2	3	4	2	2
14	1	6	6	0	7	2	3	7	8	8	8	7	8	36	8	2	6	0	2	7	8	2	0	0
15	7	2	5	5	3	4	7	6	8	8	6	6	6	8	36	4	3	6	8	8	6	2	2	6
16	3	5	8	8	8	5	2	3	4	7	4	2	4	2	4	40	8	8	8	8	6	6	4	7
17	2	3	0	6	3	2	3	0	7	7	6	2	1	6	3	8	40	8	8	8	7	0	8	8
18	2	1	1	1	3	7	3	4	1	5	5	4	7	0	6	8	8	36	7	7	5	2	2	7
19	2	2	0	7	4	2	6	6	6	2	5	6	7	2	8	8	8	7	36	8	6	4	7	2
20	3	6	4	4	8	3	3	6	5	7	8	2	2	7	8	8	8	7	8	40	6	8	5	8
21	8	4	8	2	7	0	7	4	4	4	2	6	3	8	6	6	7	5	6	6	36	1	8	3
22	5	3	6	8	0	5	4	4	6	0	4	2	4	2	2	6	0	2	4	8	1	36	6	6
23	7	4	8	7	3	6	5	2	7	3	5	3	2	0	2	4	8	2	7	5	8	6	40	8
24	7	5	8	6	4	7	8	2	0	5	2	4	2	0	6	7	8	7	2	8	3	6	8	40

Item use
1	7.0
2	7.0
3	7.0
12	7.0
116	7.0
117	7.0
118	7.0
119	7.0
186	7.0
187	7.0
240	7.0
241	7.0
242	7.0
243	7.0
255	7.0
256	7.0
70	6.0
71	6.0
86	6.0
87	6.0
88	6.0
144	6.0
145	6.0
146	6.0
205	6.0
257	6.0
258	6.0
306	6.0
307	6.0
308	6.0
309	6.0
14	5.0
15	5.0
37	5.0
42	5.0
67	5.0
68	5.0
106	5.0
107	5.0
130	5.0
213	5.0
238	5.0
239	5.0
262	5.0
263	5.0
264	5.0
272	5.0
273	5.0
282	5.0
283	5.0
284	5.0
287	5.0
288	5.0
297	5.0
298	5.0
299	5.0
301	5.0
302	5.0
318	5.0
319	5.0
353	5.0
354	5.0
359	5.0
11	4.0
24	4.0
25	4.0
26	4.0
30	4.0
35	4.0
36	4.0
38	4.0
39	4.0
40	4.0
43	4.0
44	4.0
52	4.0
53	4.0
54	4.0
58	4.0
92	4.0
93	4.0
94	4.0
154	4.0
171	4.0
174	4.0
176	4.0
184	4.0
191	4.0
202	4.0
229	4.0
230	4.0
231	4.0
237	4.0
275	4.0
276	4.0
291	4.0
292	4.0
303	4.0
304	4.0
316	4.0
321	4.0
322	4.0
8	3.0
9	3.0
13	3.0
17	3.0
18	3.0
29	3.0
34	3.0
56	3.0
57	3.0
59	3.0
80	3.0
83	3.0
98	3.0
99	3.0
122	3.0
123	3.0
125	3.0
126	3.0
137	3.0
148	3.0
149	3.0
150	3.0
152	3.0
153	3.0
172	3.0
183	3.0
192	3.0
195	3.0
201	3.0
209	3.0
210	3.0
212	3.0
246	3.0
247	3.0
252	3.0
253	3.0
267	3.0
268	3.0
285	3.0
286	3.0
295	3.0
296	3.0
351	3.0
352	3.0
355	3.0
362	3.0
4	2.0
7	2.0
10	2.0
16	2.0
21	2.0
22	2.0
23	2.0
27	2.0
28	2.0
31	2.0
32	2.0
33	2.0
46	2.0
50	2.0
51	2.0
55	2.0
60	2.0
64	2.0
69	2.0
75	2.0
76	2.0
77	2.0
78	2.0
79	2.0
89	2.0
90	2.0
104	2.0
105	2.0
108	2.0
113	2.0
114	2.0
133	2.0
151	2.0
157	2.0
158	2.0
159	2.0
164	2.0
167	2.0
168	2.0
169	2.0
182	2.0
188	2.0
189	2.0
203	2.0
204	2.0
216	2.0
217	2.0
220	2.0
221	2.0
223	2.0
224	2.0
226	2.0
227	2.0
233	2.0
234	2.0
236	2.0
250	2.0
251	2.0
269	2.0
270	2.0
277	2.0
278	2.0
337	2.0
344	2.0
346	2.0
347	2.0
348	2.0
349	2.0
350	2.0
364	2.0
366	2.0
5	1.0
6	1.0
19	1.0
20	1.0
41	1.0
47	1.0
48	1.0
49	1.0
61	1.0
62	1.0
63	1.0
65	1.0
66	1.0
72	1.0
73	1.0
74	1.0
81	1.0
82	1.0
84	1.0
85	1.0
91	1.0
95	1.0
96	1.0
97	1.0
100	1.0
101	1.0
102	1.0
103	1.0
109	1.0
110	1.0
111	1.0
112	1.0
115	1.0
124	1.0
128	1.0
129	1.0
132	1.0
134	1.0
135	1.0
136	1.0
138	1.0
139	1.0
140	1.0
142	1.0
143	1.0
147	1.0
155	1.0
156	1.0
160	1.0
161	1.0
162	1.0
163	1.0
170	1.0
173	1.0
178	1.0
179	1.0
185	1.0
190	1.0
197	1.0
198	1.0
199	1.0
200	1.0
207	1.0
208	1.0
214	1.0
222	1.0
235	1.0
244	1.0
245	1.0
249	1.0
271	1.0
294	1.0
320	1.0
327	1.0
328	1.0
333	1.0
334	1.0
336	1.0
339	1.0
341	1.0
342	1.0
343	1.0
356	1.0
358	1.0
360	1.0
361	1.0
363	1.0
365	1.0
45	0.0
120	0.0
121	0.0
127	0.0
131	0.0
141	0.0
165	0.0
166	0.0
175	0.0
177	0.0
180	0.0
181	0.0
193	0.0
194	0.0
196	0.0
206	0.0
211	0.0
215	0.0
218	0.0
219	0.0
225	0.0
228	0.0
232	0.0
248	0.0
254	0.0
259	0.0
260	0.0
261	0.0
265	0.0
266	0.0
274	0.0
279	0.0
280	0.0
281	0.0
289	0.0
290	0.0
293	0.0
300	0.0
305	0.0
310	0.0
311	0.0
312	0.0
313	0.0
314	0.0
315	0.0
317	0.0
323	0.0
324	0.0
325	0.0
326	0.0
329	0.0
330	0.0
331	0.0
332	0.0
335	0.0
338	0.0
340	0.0
345	0.0
357	0.0
